00000000001000001000000000110011
01000000010100100000000110110011
00000000011000111010000100100011
00000001001010000000000100100111
00000000010010000101001010010011
00000000010000001100000000110011
00000000110010010010010110010011
01000000100010000010010110110011
00000001111000110110011000110011
00000010000101001000010000110011
00000000000000000010100000000011
00000000000000001010101000000011
00000000010000011000000100100011
00000010101010110010001010010011
00000000111001100010010000110011
00000001010010001001000000110011
00000001110011011001100000110011
01000010100100010001000000110011